50
9 61
2 3 1 3 3 3 1 3 3
2 2 2 2 2 2 2 2 2
2 1 3 3 2 1 3 3 1
2 1 1 1 1 2 2 1 1
3 3 3 3 3 3 3 3 3
1 1 1 1 1 1 1 1 1
3 3 3 3 3 3 3 3 3
3 3 1 3 1 1 1 1 3
3 3 2 1 2 2 2 3 1
3 3 3 3 3 3 3 3 3
1 1 2 1 2 2 1 2 1
3 1 2 3 3 1 3 3 3
2 2 3 2 2 3 2 3 3
3 3 3 3 3 3 3 3 3
1 1 1 1 1 1 1 1 1
2 1 2 1 1 2 2 1 1
1 2 3 3 1 3 2 3 3
1 1 1 1 1 1 1 1 1
3 2 3 2 2 2 3 3 3
2 2 2 2 2 2 2 2 2
1 1 1 1 1 1 1 1 1
2 2 2 2 2 2 2 2 2
3 3 3 3 3 3 3 3 3
1 1 2 1 3 1 3 3 2
2 1 1 1 2 1 1 1 2
1 3 2 1 2 2 1 1 2
1 2 1 2 3 1 1 1 2
3 1 1 1 3 2 1 1 2
2 3 1 1 3 2 3 3 3
2 3 3 3 1 2 1 2 2
3 3 3 3 3 3 3 3 3
3 3 3 3 3 3 3 3 3
1 1 3 3 1 2 1 1 3
2 3 3 2 2 2 3 2 2
3 1 3 1 1 3 1 2 2
1 2 1 1 1 2 2 1 1
2 3 3 3 1 1 3 3 2
2 2 3 2 2 2 3 3 2
1 1 2 1 3 3 2 2 2
1 2 3 1 2 3 2 2 3
3 2 3 2 3 3 2 2 2
1 1 1 1 1 1 1 1 1
1 1 1 1 1 1 1 1 1
1 1 2 2 1 2 1 3 1
1 1 1 1 1 1 1 1 1
1 1 2 3 3 1 3 1 3
2 2 2 2 2 2 2 2 2
1 3 3 2 3 2 1 1 1
2 1 2 3 3 1 2 1 2
3 3 3 3 3 3 3 3 3
1 1 3 3 1 1 2 1 3
3 3 3 1 1 1 3 1 1
2 3 2 2 2 3 3 2 2
1 3 3 1 3 3 3 3 1
2 1 2 3 3 1 3 2 1
2 3 2 2 3 2 1 2 1
2 2 2 2 2 2 2 2 2
3 1 3 1 1 3 1 1 1
2 2 2 2 2 2 2 2 2
1 1 2 3 1 3 1 2 1
1 3 3 3 1 1 3 1 3
3 38
2 1 3
1 1 1
3 2 1
3 2 1
3 3 3
2 1 3
3 3 3
1 3 2
1 3 2
1 1 2
2 2 2
1 1 1
3 2 1
1 1 1
2 1 1
1 1 2
3 3 3
2 3 1
3 3 2
1 3 2
2 1 3
3 3 3
3 3 3
3 2 1
2 2 2
1 2 2
2 2 2
3 1 2
1 2 3
1 3 2
2 1 1
1 3 2
1 1 1
3 2 1
3 1 2
2 3 3
2 2 2
3 1 2
4 70
3 2 2 1
2 2 2 1
3 3 3 3
2 2 3 3
2 2 2 2
3 2 2 1
1 2 3 3
3 2 3 1
3 2 2 3
3 2 3 1
2 1 3 3
1 2 1 3
1 1 1 1
1 1 1 1
1 1 1 1
1 1 1 1
3 2 3 2
1 1 2 2
1 1 1 1
2 3 2 2
2 2 2 2
3 1 2 2
3 3 3 2
3 3 3 3
3 3 3 3
3 3 3 3
1 1 2 3
1 1 1 2
1 1 1 3
2 2 2 2
2 2 1 2
1 1 1 1
1 2 3 1
2 2 2 2
2 3 3 3
2 2 2 1
1 3 2 2
2 2 2 2
2 3 3 1
3 1 2 2
1 3 3 2
2 3 3 1
1 1 1 1
1 1 1 1
3 3 2 1
3 1 2 2
1 3 2 3
3 2 2 3
1 3 3 1
2 2 2 2
1 1 2 2
3 1 2 3
1 1 1 1
3 1 1 1
3 2 2 1
1 2 1 1
2 1 2 2
2 2 3 2
2 1 2 3
1 2 1 3
1 2 3 1
3 2 3 1
3 1 1 2
1 1 1 1
2 3 3 1
2 2 2 2
1 1 2 3
2 2 2 2
3 2 3 1
3 2 1 3
10 78
2 2 2 2 2 2 2 2 2 2
1 1 2 2 2 1 2 1 2 2
2 2 3 2 3 2 3 2 3 3
2 1 1 2 2 2 2 2 1 2
2 2 2 2 2 2 2 2 2 2
2 3 2 2 2 3 2 3 3 2
2 3 3 2 2 3 3 3 2 3
1 2 3 2 2 3 2 2 3 3
2 1 2 1 1 2 3 1 1 3
1 1 3 2 3 3 2 1 1 1
2 2 2 2 2 2 2 2 2 2
1 2 1 3 1 3 2 1 3 2
2 2 2 2 2 2 2 2 2 2
1 1 1 1 1 3 1 2 2 3
2 2 2 2 2 2 2 2 2 2
3 1 3 3 3 1 3 3 1 3
1 3 3 1 1 1 1 3 3 1
1 1 2 1 2 1 1 1 2 2
1 1 1 1 1 1 1 1 1 1
3 3 1 3 1 3 1 3 3 1
3 3 1 2 3 1 2 3 2 1
2 3 2 2 1 2 2 1 1 3
1 3 1 1 1 3 1 1 1 1
1 2 2 2 1 1 1 1 1 1
2 2 2 2 2 2 2 2 2 2
2 2 1 1 1 1 1 1 2 1
3 3 3 3 3 3 3 3 3 3
1 3 3 3 3 1 1 1 1 3
2 2 2 2 2 2 2 2 2 2
3 3 3 3 3 3 3 3 3 3
2 1 2 1 3 3 2 3 1 1
1 1 3 1 2 1 1 1 2 1
2 2 2 2 2 2 2 2 2 2
3 3 3 3 3 3 3 3 3 3
3 2 3 2 3 3 2 2 2 3
3 1 3 3 2 1 1 1 1 3
3 2 3 2 3 2 2 2 2 3
3 3 3 3 3 3 3 3 3 3
1 1 3 3 3 1 3 3 3 1
2 2 2 2 2 2 2 2 2 2
1 3 1 1 3 1 3 2 1 3
2 2 2 2 2 2 2 2 2 2
2 1 1 1 3 2 3 1 3 1
1 2 1 1 3 1 1 3 3 1
1 3 1 3 1 3 1 3 1 3
3 3 3 3 3 3 3 3 3 3
2 2 2 2 2 2 2 2 2 2
1 1 1 1 1 1 1 1 1 1
3 1 2 3 1 1 3 3 3 2
1 1 2 1 1 2 1 2 1 2
1 3 1 1 1 3 3 3 1 1
1 2 3 2 2 1 1 3 2 3
1 1 1 2 1 1 1 1 1 2
3 3 3 3 3 3 3 3 3 3
3 1 3 1 3 3 1 3 3 3
3 2 1 1 3 3 1 3 2 2
1 1 2 1 2 1 1 1 2 1
3 2 3 3 1 3 1 2 1 3
2 3 1 2 1 1 2 2 3 1
1 1 1 1 1 1 1 1 1 1
2 2 2 2 2 2 2 2 2 2
2 1 2 1 1 2 2 2 2 1
1 1 1 1 1 1 1 1 1 1
2 2 1 1 2 2 2 2 2 1
1 3 1 3 1 3 1 3 2 3
2 2 2 2 2 2 2 2 2 2
3 3 3 3 3 3 3 3 3 3
1 1 1 3 3 1 1 3 3 1
1 1 2 3 1 3 3 1 1 1
1 1 2 1 2 2 2 2 1 2
2 1 2 2 1 2 1 2 2 2
3 3 1 3 3 3 1 1 1 3
2 3 3 3 3 1 3 2 3 1
2 1 2 2 2 1 1 1 1 2
3 3 2 2 3 3 2 2 2 2
2 2 2 2 2 2 2 2 2 2
3 3 2 3 1 2 3 2 3 3
2 2 3 3 2 3 3 2 2 2
5 7
2 2 2 3 2
3 3 3 3 3
2 3 2 2 3
2 2 3 3 1
2 3 2 3 3
3 3 3 3 3
3 3 3 3 3
3 34
2 1 3
3 1 2
3 2 1
3 3 3
3 3 3
2 2 2
3 2 1
1 2 3
3 3 3
2 3 2
2 2 2
1 1 1
1 1 1
3 2 3
3 3 3
1 1 1
1 1 1
1 3 3
3 1 2
1 1 1
3 1 1
1 2 3
2 2 1
2 1 3
1 1 1
1 2 2
3 2 3
3 3 3
3 1 3
1 2 3
1 2 3
3 3 3
3 3 2
1 1 1
4 71
1 1 3 2
2 2 2 2
2 2 1 1
2 2 1 2
1 1 1 2
2 1 1 2
1 1 3 1
1 2 2 1
1 2 2 2
3 2 3 2
3 3 3 2
2 2 2 2
2 2 2 2
3 1 1 3
2 2 1 2
2 1 3 2
1 2 1 3
1 2 2 3
1 2 3 2
3 1 2 1
3 3 3 3
2 2 2 2
1 3 3 2
1 1 1 1
1 1 1 1
3 3 1 1
2 2 2 2
3 3 3 3
1 1 2 2
3 1 1 1
2 3 2 2
1 3 3 2
3 1 2 2
2 2 2 2
2 2 2 2
3 3 3 3
1 1 1 1
1 1 1 1
2 2 1 3
3 3 3 3
3 3 3 3
1 1 1 1
1 3 2 3
2 2 1 1
1 2 3 3
2 1 1 2
2 1 1 3
3 3 3 3
3 3 3 3
1 3 1 1
2 2 2 2
2 2 2 2
2 3 2 3
2 2 3 1
3 3 3 3
2 1 3 3
3 1 3 3
3 2 3 3
2 3 1 2
3 3 3 3
1 1 1 2
2 2 2 2
3 3 3 3
2 2 3 2
2 1 2 1
3 3 3 1
1 3 3 2
2 2 2 2
1 2 2 2
2 2 2 2
2 2 1 1
8 54
2 3 2 2 3 1 2 1
3 1 3 1 3 3 3 1
3 1 2 2 1 1 2 3
3 3 2 2 1 2 1 3
1 3 3 1 1 1 1 3
1 3 3 1 1 3 1 1
2 2 3 3 3 2 2 2
3 1 2 1 3 1 3 1
3 3 3 3 3 3 3 3
3 3 3 3 3 3 3 3
1 3 1 3 1 1 1 1
2 2 2 2 2 2 2 2
1 3 3 1 2 3 2 2
3 2 3 2 1 3 2 3
2 2 2 2 2 2 2 2
3 3 3 3 3 3 3 3
1 1 1 1 1 1 1 1
1 1 2 2 2 1 1 1
2 2 1 1 1 1 3 2
1 1 1 1 1 1 1 1
2 2 3 3 3 3 3 2
2 2 2 1 3 2 1 2
2 2 2 1 1 3 2 2
1 1 1 2 2 2 1 1
1 3 1 3 3 2 2 1
3 3 3 2 2 3 3 3
2 2 1 1 1 1 1 1
2 1 1 1 3 2 1 3
2 1 2 2 2 1 2 2
3 1 3 2 3 2 1 3
2 3 3 3 3 2 3 2
1 1 1 1 1 1 1 1
3 3 3 3 3 3 3 3
1 3 1 1 1 3 1 1
1 2 1 3 2 3 3 1
2 3 1 1 1 2 1 2
2 3 2 3 2 3 2 3
2 2 3 2 1 1 3 3
2 3 3 3 3 2 3 2
3 2 3 1 1 1 1 3
3 1 3 2 2 1 2 1
1 1 2 1 1 2 1 1
3 3 3 3 3 3 3 3
1 1 1 1 1 2 2 1
3 1 2 2 2 1 2 2
2 2 2 2 2 2 2 2
3 1 3 3 3 1 3 3
3 2 2 3 3 3 3 3
3 1 3 1 1 3 1 1
3 2 1 2 1 3 1 2
2 3 3 1 3 1 2 1
1 1 2 2 2 2 2 2
1 3 3 3 1 1 1 2
3 1 3 1 3 3 3 3
7 85
3 3 3 3 3 3 3
1 1 1 1 1 2 1
1 1 1 1 2 2 1
2 2 2 2 2 2 2
2 2 3 3 3 2 2
1 2 2 2 2 2 1
3 1 2 1 2 3 1
1 1 2 3 2 3 2
2 2 2 2 2 2 2
3 3 3 3 1 1 1
1 1 2 2 1 1 2
1 2 2 2 1 1 1
2 1 1 2 2 1 1
3 1 3 1 3 3 3
1 2 1 1 2 2 2
2 2 2 2 2 2 2
3 1 2 1 1 2 1
1 1 1 1 1 1 1
1 3 1 1 2 3 2
3 3 3 3 3 3 3
3 2 2 1 1 2 1
3 3 2 1 3 3 3
2 2 2 2 1 1 1
3 3 2 1 1 1 3
3 1 1 1 1 3 1
2 3 3 3 2 3 3
2 3 2 1 1 3 3
1 1 3 1 1 1 1
1 3 2 1 2 1 3
1 1 2 1 1 2 1
3 2 2 2 2 2 3
2 2 2 1 3 2 1
3 3 3 3 3 3 3
1 1 1 3 1 2 1
3 1 3 1 1 3 3
3 3 1 3 1 1 3
2 3 3 2 3 3 3
3 2 2 1 1 3 1
2 1 1 1 1 2 2
3 1 1 1 2 2 1
1 1 1 1 1 1 1
2 2 2 2 1 2 3
1 1 1 1 1 1 1
1 1 1 2 2 1 1
3 2 2 3 2 1 2
2 2 2 1 1 1 2
2 2 2 2 2 2 2
2 2 2 2 2 2 2
1 2 2 1 1 1 2
2 2 1 2 1 1 3
3 3 1 1 1 1 3
2 2 2 2 2 2 2
2 2 2 2 2 2 2
3 2 3 3 3 3 3
3 3 3 1 1 1 1
1 3 3 2 1 2 3
1 2 1 3 3 3 3
1 1 2 1 3 3 2
2 2 2 2 2 2 2
3 3 3 3 3 3 3
3 3 3 3 3 1 3
1 2 2 2 2 1 2
1 1 1 1 1 1 1
3 3 2 3 2 3 3
3 1 3 1 1 1 3
3 3 3 3 3 3 3
3 3 3 3 3 3 3
1 1 1 1 1 1 1
3 3 3 3 3 3 2
3 2 3 3 3 3 1
2 2 2 2 2 2 2
1 1 1 3 3 3 1
1 2 1 2 2 2 2
3 3 3 3 3 3 3
1 1 1 1 1 2 1
1 1 2 2 1 2 3
1 1 1 1 1 2 2
3 1 1 3 2 2 1
3 2 2 2 2 3 2
1 1 2 2 2 3 1
1 1 1 1 1 1 1
2 2 2 2 2 2 2
2 2 2 2 2 2 2
1 1 1 1 1 1 1
3 3 3 1 3 1 3
7 95
3 3 3 3 3 1 1
1 1 1 1 1 1 1
1 2 2 3 2 2 2
1 2 2 1 1 1 1
3 3 1 3 1 2 3
1 1 1 1 1 1 1
3 3 3 3 3 3 3
3 2 3 2 1 2 2
1 3 1 2 2 2 3
3 3 3 3 3 3 3
3 2 3 1 3 3 3
1 3 3 1 1 1 3
2 3 2 1 3 3 3
3 3 3 1 1 1 3
3 3 3 3 3 3 3
1 1 1 1 1 1 1
1 1 1 1 2 3 3
3 3 3 2 3 2 3
3 3 3 3 3 3 3
3 1 1 3 3 1 3
1 2 2 1 1 2 2
1 2 1 2 1 1 1
3 2 2 3 3 3 2
3 3 3 3 3 3 3
1 2 3 2 2 2 3
2 2 2 2 2 2 2
3 2 2 3 2 3 2
2 2 1 3 2 3 3
3 1 1 3 1 1 1
3 2 3 3 1 3 1
1 1 1 1 1 1 1
3 2 3 3 3 2 2
3 3 3 3 3 3 3
2 2 2 2 2 2 2
3 3 2 3 3 2 3
3 1 3 3 3 1 1
3 2 3 3 2 1 2
2 2 2 2 2 2 2
3 2 2 3 2 2 3
3 3 3 3 3 3 3
3 3 3 3 3 3 3
1 2 2 2 2 3 2
1 1 1 1 1 1 1
1 3 1 2 2 1 3
3 3 3 3 3 3 3
1 2 2 3 2 1 3
1 3 3 3 1 1 3
2 2 3 3 3 2 2
1 1 1 1 3 1 3
2 3 1 2 2 2 3
1 1 1 1 1 1 1
1 1 1 1 1 1 1
2 2 3 2 2 2 3
2 1 1 1 1 1 2
2 2 1 1 1 2 2
2 2 2 2 2 2 2
3 3 3 3 3 2 2
1 1 2 2 2 3 1
2 2 2 2 2 3 2
1 3 3 2 1 2 2
2 2 2 2 2 2 2
1 1 1 1 1 1 1
3 3 1 1 1 2 2
1 1 1 1 1 1 1
2 2 2 1 3 2 1
1 1 1 1 1 1 1
1 1 2 1 2 1 3
2 2 2 2 2 2 2
3 3 3 3 3 3 3
1 1 1 1 3 3 3
1 2 2 3 3 2 2
2 2 2 2 2 2 2
2 2 2 1 1 2 1
1 1 3 1 3 3 3
2 3 1 1 2 2 2
1 2 1 1 3 1 3
3 3 3 3 3 3 3
1 1 1 2 3 2 1
2 1 1 2 1 1 1
3 3 2 2 3 3 2
2 2 2 2 2 2 2
1 3 3 1 3 1 1
1 1 1 1 1 1 1
2 2 2 2 2 2 2
2 2 2 2 2 2 2
1 1 1 1 1 1 1
1 1 1 1 1 1 2
1 1 1 1 1 1 1
1 2 3 2 3 3 1
3 3 3 3 3 3 3
2 2 1 1 1 3 2
3 3 1 3 2 2 3
2 2 2 2 2 2 2
3 3 3 3 3 3 3
2 3 1 1 3 1 1
2 97
2 2
3 1
2 2
2 1
2 3
2 2
1 1
1 1
1 1
3 3
3 3
1 1
1 2
1 1
3 2
3 2
2 2
2 2
2 2
2 2
1 1
2 2
3 3
2 1
1 2
2 2
1 1
1 1
2 2
2 2
2 2
3 3
1 2
2 2
2 2
3 3
3 1
2 2
2 3
1 1
3 3
3 3
1 1
3 3
1 2
1 1
1 1
1 1
3 3
3 3
2 3
3 3
2 2
2 2
3 2
2 3
2 2
1 1
2 2
2 3
3 3
3 3
2 2
2 2
2 2
2 2
1 1
3 2
3 3
3 3
1 1
1 3
1 1
2 1
3 3
3 3
1 3
3 3
2 2
2 1
1 2
3 3
1 1
3 1
2 1
3 3
1 1
2 2
1 2
3 1
3 3
3 3
1 2
1 1
3 3
2 2
3 3
6 74
1 1 2 3 2 2
1 1 1 1 1 1
1 1 3 1 3 3
2 2 2 2 2 2
2 2 1 2 1 1
2 3 2 2 2 3
3 2 2 2 2 2
2 3 2 2 2 3
3 3 3 3 3 3
1 1 3 2 2 2
2 2 1 1 1 1
3 2 3 3 1 1
2 2 2 2 2 2
1 1 1 1 1 1
3 3 3 3 3 3
3 3 2 3 3 3
1 1 1 3 3 1
2 2 2 2 2 2
2 1 2 1 1 1
3 3 3 3 3 3
1 1 1 2 1 1
3 3 3 3 3 3
2 2 1 3 1 2
2 2 2 2 2 2
2 2 1 2 1 2
2 2 2 2 2 2
1 1 1 1 1 1
3 2 2 1 1 1
3 3 3 1 3 1
2 1 3 1 2 1
3 1 1 1 3 3
3 3 2 3 3 2
2 2 2 2 2 2
1 3 3 2 3 3
3 3 3 3 1 1
1 1 1 1 1 1
1 3 2 2 1 3
2 2 2 2 2 2
3 3 3 3 3 3
2 2 3 2 3 2
1 1 1 1 1 1
2 2 2 2 2 2
2 2 2 2 2 2
2 2 1 1 2 1
2 2 2 2 2 3
3 3 2 2 3 1
2 2 2 2 3 2
2 2 2 2 2 2
3 3 3 3 1 2
1 2 1 2 2 2
1 1 2 3 1 3
1 1 1 1 1 1
2 2 2 2 2 2
2 2 2 2 2 2
1 1 1 1 1 1
3 3 3 3 3 3
3 2 3 1 1 1
2 2 2 2 2 2
3 3 3 3 2 3
2 1 3 2 3 3
3 3 3 3 3 3
1 1 2 2 2 2
3 1 1 3 3 1
2 2 3 3 1 2
2 1 3 2 3 3
2 2 2 2 2 2
1 3 2 2 3 2
1 1 2 1 2 2
1 3 3 1 1 3
3 3 3 3 3 3
2 1 1 3 1 3
1 2 3 1 3 1
2 2 3 2 2 3
3 3 2 2 3 1
9 17
2 2 2 2 2 2 2 2 2
2 1 2 2 1 1 1 3 1
3 2 2 3 2 2 3 3 3
3 3 1 3 3 3 1 3 3
1 1 2 2 2 1 1 1 2
1 1 3 2 3 3 1 3 1
1 1 1 1 1 1 1 1 1
3 3 1 3 3 1 3 2 2
3 3 3 2 2 2 1 2 3
2 2 2 2 2 2 2 2 2
2 1 1 1 2 1 1 1 2
3 3 3 3 3 1 3 1 3
1 1 1 1 1 1 1 1 1
2 2 3 1 3 2 2 1 1
3 3 3 3 3 3 3 3 3
3 3 3 3 3 3 3 3 3
1 2 1 1 2 2 1 2 2
10 80
1 3 1 1 1 3 1 3 3 3
3 3 1 1 1 3 1 1 3 3
1 2 3 3 1 2 2 1 2 2
2 2 2 3 3 2 3 2 3 2
3 3 3 3 3 3 3 3 3 3
2 1 2 1 3 3 1 2 1 2
3 2 1 1 2 1 3 1 2 2
1 1 1 1 1 1 1 1 1 1
1 1 3 3 1 3 1 3 3 1
3 3 3 3 3 3 3 3 3 3
1 3 2 2 2 2 1 1 3 3
2 2 3 2 3 2 3 2 2 2
1 2 1 1 1 1 2 1 1 1
1 2 2 2 1 1 1 1 1 2
1 1 1 1 1 1 1 1 1 1
3 2 3 3 3 2 3 3 3 2
2 2 2 2 2 2 2 2 2 2
2 2 2 1 2 1 1 1 2 1
1 1 2 2 1 2 1 2 1 2
1 2 3 2 3 2 1 2 2 3
2 1 1 2 1 1 2 2 2 1
3 3 3 3 3 3 3 3 3 3
1 1 1 1 1 1 1 1 1 1
2 3 3 2 2 3 2 2 3 3
2 2 2 2 2 2 2 2 2 2
1 1 1 1 1 1 1 1 1 1
2 2 2 2 2 2 2 2 2 2
3 3 3 3 3 3 3 3 3 3
1 1 1 1 1 1 1 1 1 1
3 3 3 3 3 3 3 3 3 3
2 1 1 2 1 1 1 2 1 2
1 2 1 2 1 1 2 1 1 2
1 3 2 2 2 1 2 2 1 1
1 2 1 1 2 2 2 2 1 1
1 1 1 1 1 1 1 1 1 1
1 3 3 2 2 2 3 2 1 1
2 2 3 1 2 2 1 1 2 2
3 3 3 2 3 3 2 3 3 2
1 3 2 3 2 2 3 3 2 3
3 3 3 3 3 3 3 3 3 3
2 2 2 2 2 2 1 1 1 1
1 1 1 2 2 1 1 2 1 1
2 1 2 2 1 2 1 2 1 2
2 1 1 3 1 2 1 1 3 2
1 1 1 1 1 1 1 1 1 1
2 2 2 2 2 2 2 2 2 2
2 2 2 2 2 2 2 2 2 2
1 3 1 2 2 2 1 1 2 3
3 2 2 2 2 2 2 2 3 2
2 2 1 1 3 1 3 2 2 1
1 1 1 1 1 1 1 1 1 1
1 1 1 1 1 1 1 1 1 1
2 2 2 2 2 2 2 2 2 2
2 2 2 2 2 2 2 2 2 2
1 1 1 1 1 1 1 1 1 1
2 1 1 2 3 2 2 1 3 3
3 3 3 3 3 3 3 3 3 3
1 1 1 1 1 1 1 1 1 1
3 3 3 3 3 3 3 3 3 3
3 3 2 3 2 2 2 3 2 2
3 2 2 1 2 2 1 3 3 1
3 3 3 3 3 3 3 3 3 3
1 1 1 1 3 1 3 3 3 1
1 1 1 1 1 1 1 1 1 1
3 3 3 3 3 3 3 3 3 3
3 2 1 1 3 1 1 3 2 2
3 3 3 3 3 3 3 3 3 3
2 2 2 2 2 1 1 1 1 2
2 3 3 1 1 1 2 1 1 1
2 2 1 3 2 1 3 1 3 1
3 1 3 3 3 3 3 3 1 1
1 1 2 1 3 2 1 3 3 2
1 2 1 2 1 3 2 1 2 1
1 3 2 1 1 3 1 3 2 3
1 2 1 1 1 2 1 2 1 1
2 2 2 2 2 2 2 2 2 2
1 1 3 1 1 1 1 1 1 1
3 3 2 3 2 3 2 3 3 3
3 3 3 1 1 1 3 3 3 3
1 3 1 1 1 1 1 3 3 3
2 93
2 1
3 2
3 3
3 3
3 3
3 3
1 2
3 3
1 1
3 3
1 1
1 1
1 1
3 3
1 3
2 2
2 3
2 2
3 3
2 1
2 2
2 2
1 1
3 3
1 1
1 2
2 3
2 2
1 1
2 1
3 1
1 1
3 3
1 2
2 2
3 3
1 2
2 2
1 3
1 1
1 1
2 2
3 3
1 1
1 1
1 1
3 1
3 2
1 3
3 3
3 2
2 2
1 3
2 3
3 3
3 3
2 2
1 1
2 3
3 3
3 3
2 2
2 1
2 3
2 2
2 2
2 2
2 2
1 1
3 1
1 1
3 3
3 3
1 3
1 1
3 3
3 3
3 1
2 2
1 1
2 2
3 3
3 3
2 1
2 2
3 3
3 3
3 3
3 3
1 1
3 3
2 1
2 3
9 97
1 1 1 1 1 1 1 1 1
1 1 1 1 2 2 2 2 2
3 1 1 1 1 3 3 3 3
1 2 1 1 2 1 2 3 2
2 1 2 1 2 2 2 2 3
2 2 2 2 2 2 2 2 2
1 1 1 1 1 1 1 1 1
2 3 1 3 2 3 2 3 1
2 3 2 3 3 2 3 2 3
3 1 2 1 1 1 2 2 3
2 3 3 2 1 1 2 2 3
1 1 1 1 1 3 3 3 3
1 1 1 1 1 1 1 1 1
3 3 3 3 3 3 3 3 3
3 2 1 3 3 2 3 3 2
1 3 3 3 1 3 2 2 3
3 3 3 3 3 3 3 3 3
2 1 1 1 2 2 1 2 2
1 1 1 1 1 1 1 1 1
2 2 2 2 2 2 2 2 2
3 3 2 1 1 2 2 3 3
2 1 2 3 1 2 2 2 2
1 1 1 1 1 1 1 1 1
1 3 3 3 1 1 1 3 1
1 2 2 2 1 1 1 2 1
3 2 3 2 2 3 1 3 3
1 2 3 1 1 2 1 3 1
1 2 3 1 2 1 2 1 1
3 3 3 3 3 3 3 3 3
1 1 1 1 1 1 1 1 1
3 3 2 2 2 1 2 3 2
1 3 1 3 3 2 2 2 2
3 1 2 2 1 3 1 2 3
3 1 1 3 1 1 3 3 3
1 1 1 1 1 1 1 1 1
3 3 2 1 3 1 2 1 3
3 3 3 3 3 3 3 3 3
2 1 3 3 3 3 3 2 2
2 2 3 2 3 3 2 2 2
1 1 1 3 2 2 2 1 3
1 1 1 1 1 1 1 1 1
2 2 2 2 2 2 2 2 2
1 1 3 1 1 3 3 3 3
3 3 3 3 3 1 1 1 3
3 3 3 3 3 3 3 3 3
3 1 3 1 3 1 2 2 2
2 2 1 2 2 1 1 2 1
1 3 3 1 1 1 1 3 1
2 1 2 1 1 2 2 2 1
1 1 1 2 2 3 2 2 2
3 3 2 2 1 2 3 1 1
2 2 3 3 2 3 2 2 2
2 2 2 2 2 3 3 3 2
2 1 3 2 2 2 1 2 1
2 2 2 2 2 2 2 2 2
3 3 3 3 3 3 3 3 3
1 1 1 1 1 1 1 1 1
2 1 3 2 1 1 3 1 1
3 1 1 1 1 3 3 1 3
2 3 3 2 3 2 2 2 1
1 3 2 2 1 1 2 1 2
1 1 1 1 1 1 1 1 1
2 1 2 1 2 2 2 2 2
2 2 2 3 2 1 2 3 1
2 2 1 1 2 1 1 1 2
1 3 2 1 1 3 2 1 1
1 2 2 3 1 2 2 2 1
3 2 3 1 1 3 2 3 2
1 3 3 2 1 3 2 2 2
3 3 3 3 3 3 3 3 3
2 2 2 2 2 2 2 2 2
2 1 2 1 1 1 1 1 1
1 1 1 1 1 1 1 1 1
3 3 3 3 3 3 3 3 3
3 3 3 3 3 3 3 3 3
2 2 2 2 2 2 2 2 2
1 1 3 2 3 1 2 3 3
1 1 1 1 1 1 1 1 1
2 3 3 2 2 3 2 3 2
1 1 1 1 1 1 1 1 1
2 3 1 2 3 3 3 3 2
1 1 1 1 1 1 1 1 1
1 1 2 2 1 2 1 1 2
1 1 1 1 1 1 1 1 1
1 1 1 1 1 1 1 1 1
1 3 1 1 1 1 3 1 3
2 2 2 2 2 1 1 2 2
1 2 1 1 2 1 1 1 2
2 1 2 2 1 2 1 1 2
2 2 2 2 1 2 2 3 2
3 3 1 2 1 2 2 3 3
2 2 2 2 2 2 2 2 2
1 1 2 1 3 2 1 3 1
1 1 1 1 1 1 1 1 1
1 1 1 1 1 1 1 1 1
2 2 3 3 2 3 2 3 1
1 1 1 1 2 1 1 2 2
5 10
2 1 3 1 3
2 2 2 2 2
2 3 2 2 2
2 1 2 2 1
1 2 1 2 1
2 2 3 2 1
1 2 1 3 2
1 1 3 3 2
3 3 3 3 3
1 1 1 1 1
8 68
2 3 1 1 3 1 3 2
3 2 2 2 2 3 3 2
2 1 2 1 2 2 2 1
3 2 1 2 2 1 3 1
3 1 1 1 1 2 2 2
2 2 3 1 2 3 2 2
2 3 3 1 1 2 3 2
1 2 1 1 2 3 3 3
2 2 2 2 2 2 2 2
1 2 3 1 2 2 3 3
3 3 2 2 3 3 2 2
3 2 3 2 1 1 1 1
2 2 2 2 2 2 2 2
1 2 1 2 1 2 1 1
2 2 2 1 2 2 1 2
3 1 3 3 1 2 2 1
3 1 3 3 2 3 3 3
3 2 1 2 3 1 3 1
2 1 2 2 1 1 2 1
3 1 1 1 1 3 1 1
3 3 3 3 3 3 3 3
3 3 1 2 1 3 3 2
2 2 2 2 2 2 2 2
1 2 2 1 1 1 3 3
1 1 1 2 2 2 1 2
3 3 3 3 3 3 3 3
1 3 2 1 3 1 1 1
2 2 2 2 2 2 2 2
2 2 2 2 2 2 2 2
3 3 1 3 1 1 1 3
1 1 1 1 3 1 1 1
2 2 2 2 2 2 2 2
1 1 3 3 2 2 3 1
3 3 1 1 3 3 3 3
1 1 1 1 1 1 1 1
2 2 2 2 2 2 2 2
2 2 2 3 3 2 2 2
3 1 3 1 1 1 3 3
3 3 3 3 3 3 3 3
3 2 3 3 3 2 3 2
1 1 1 1 1 1 1 1
3 3 3 3 1 3 3 1
1 1 1 1 1 2 1 1
2 2 2 2 2 2 2 2
2 2 2 2 2 2 2 2
3 3 1 2 3 3 2 1
2 2 2 2 1 1 1 1
2 2 1 3 1 2 3 2
3 2 3 3 2 2 2 2
2 3 3 2 3 3 3 2
3 3 3 3 3 3 3 3
2 3 2 1 2 2 1 3
3 1 1 1 3 3 1 3
3 1 1 1 3 3 3 1
2 2 2 2 2 3 3 2
2 2 2 1 2 2 2 2
2 2 2 2 2 2 2 2
1 2 1 2 1 3 1 1
1 2 2 1 1 1 2 1
2 3 3 3 1 2 2 1
1 1 2 1 2 2 2 1
1 2 2 3 3 3 2 1
1 2 3 3 3 3 2 3
3 3 2 1 1 1 3 3
3 2 3 1 3 1 1 2
1 1 2 3 1 2 1 3
3 3 3 3 3 3 3 3
1 1 1 2 2 2 2 2
5 5
2 3 2 2 1
2 2 3 1 1
1 3 2 3 1
3 1 2 3 1
3 3 3 3 3
9 84
2 1 2 1 2 1 2 1 1
3 3 3 3 3 3 3 3 3
3 2 3 3 3 1 2 1 3
1 1 1 1 1 1 1 1 1
1 1 1 1 1 1 1 1 1
3 3 3 1 1 1 3 2 3
1 1 3 1 3 1 3 1 3
2 2 2 2 2 2 2 2 2
1 1 1 2 1 2 3 1 1
1 1 3 3 3 1 3 3 3
3 1 2 3 1 1 1 1 1
2 1 2 1 2 1 2 2 1
1 2 3 1 2 2 1 1 1
2 3 2 1 1 3 3 2 2
3 3 3 3 3 3 3 3 3
2 2 2 2 2 2 2 2 2
1 1 1 1 1 3 3 1 3
2 1 2 1 1 2 1 2 2
3 3 3 3 3 3 3 3 3
1 2 2 2 1 2 2 1 1
3 3 3 3 3 3 3 3 3
3 3 2 2 3 3 2 3 3
3 1 2 1 3 2 3 3 1
1 3 3 3 2 3 3 1 2
2 3 2 1 1 3 2 3 2
2 3 2 2 2 3 3 2 3
3 2 2 1 3 1 1 3 2
1 3 3 3 1 1 3 1 1
1 1 3 1 1 1 1 1 3
1 1 1 1 1 1 1 1 1
1 1 2 1 1 1 2 2 2
1 3 1 3 2 1 1 1 1
3 3 3 3 3 3 3 3 3
2 2 1 1 2 2 1 2 1
2 3 2 1 2 3 1 2 1
3 3 3 3 3 3 3 3 3
1 1 1 1 1 1 3 3 1
3 3 2 1 1 1 2 2 2
2 3 2 1 1 1 2 3 3
2 2 2 2 2 2 2 2 2
1 1 1 1 1 1 1 1 1
3 3 3 1 1 2 1 1 2
2 1 1 1 1 1 2 1 2
1 2 3 1 3 3 3 2 1
1 1 1 3 1 1 1 3 3
3 3 3 3 3 3 3 3 3
1 1 1 1 1 1 3 3 1
1 1 1 2 2 1 2 2 1
2 2 2 2 2 2 2 2 2
3 2 3 2 1 2 3 1 3
3 1 1 1 3 3 3 3 3
3 1 3 3 1 3 3 1 1
1 1 1 1 1 1 1 1 1
2 2 1 2 1 1 1 2 1
3 3 2 2 3 2 3 2 2
2 3 3 3 1 3 2 1 1
3 3 3 3 3 3 3 3 3
3 1 1 3 1 2 2 2 1
1 1 1 1 1 1 1 1 1
2 3 1 2 2 2 1 2 3
3 3 3 3 3 3 3 3 3
2 2 1 1 1 2 1 2 1
2 2 2 2 2 2 2 2 2
3 3 3 3 3 3 3 3 3
2 3 2 2 3 3 2 3 1
1 1 1 2 2 3 3 3 1
2 1 3 1 2 1 2 1 2
3 2 3 1 1 2 1 1 3
3 1 1 1 3 1 1 1 3
2 2 2 2 1 2 3 3 1
1 1 1 1 1 1 1 1 1
1 1 1 1 1 1 3 3 1
1 2 1 1 1 2 2 1 2
2 2 2 3 3 3 3 3 2
3 2 1 3 2 3 1 3 1
2 1 1 1 1 1 2 2 1
3 3 3 3 3 3 3 3 3
2 2 2 2 2 2 2 2 2
2 1 2 1 2 3 3 3 1
2 3 2 3 2 3 2 3 2
1 1 1 1 1 1 1 1 1
1 3 1 1 1 3 1 3 3
3 1 1 2 3 3 1 2 3
1 2 3 1 1 1 1 2 3
2 69
2 2
1 1
2 3
2 2
1 1
2 2
2 3
3 3
2 2
1 1
3 3
2 2
3 3
1 1
1 1
1 1
2 2
2 1
2 2
1 1
2 2
3 3
3 3
1 1
1 1
3 3
1 2
2 2
2 1
3 3
1 2
3 3
3 2
2 2
3 1
2 2
2 2
2 2
1 1
1 1
3 3
3 1
2 2
3 3
1 1
3 3
3 3
1 1
1 2
2 2
1 1
2 1
2 1
2 1
3 3
2 2
3 2
3 3
1 1
3 3
2 2
3 1
3 3
2 2
1 3
1 3
3 2
1 1
2 2
3 86
3 1 2
1 1 1
2 2 2
2 2 2
2 3 1
2 1 3
1 1 1
2 3 3
3 3 1
2 2 1
1 2 3
1 2 3
2 1 1
3 3 3
1 1 1
3 3 3
2 3 1
3 3 3
3 3 3
2 2 2
3 2 3
3 1 2
2 1 3
2 2 2
2 1 1
1 3 2
1 3 1
3 3 2
1 2 3
1 3 2
2 3 1
2 1 2
2 2 2
2 2 3
3 3 1
2 3 1
1 1 3
3 1 2
1 1 1
2 2 2
1 3 2
2 2 2
1 3 1
2 2 2
2 3 2
2 1 3
3 3 3
3 3 1
1 3 1
1 2 3
2 2 2
1 1 1
3 1 2
1 1 1
1 1 1
2 2 3
2 2 2
3 1 2
3 3 3
1 1 3
3 3 3
2 3 1
2 2 2
1 1 1
1 1 1
1 2 3
1 1 3
1 1 1
2 2 2
2 2 2
2 2 2
3 1 1
1 2 3
2 3 1
1 3 2
1 1 3
3 2 2
2 1 3
3 1 2
2 2 3
1 1 1
1 1 1
1 1 2
3 1 3
1 1 1
2 3 3
5 15
3 3 3 3 3
3 1 1 2 1
2 2 1 3 1
1 2 1 1 2
1 1 1 1 1
3 2 3 3 3
1 1 1 1 1
3 3 1 3 2
1 1 1 1 3
3 2 2 1 2
2 2 1 3 3
3 3 2 2 2
1 3 1 2 3
1 1 1 1 1
1 3 3 1 3
7 51
3 3 3 3 3 3 3
3 1 2 1 3 1 2
3 1 1 1 1 1 3
1 3 3 2 3 1 2
2 3 2 2 3 1 3
3 3 3 3 3 3 3
1 1 1 1 1 1 1
2 2 2 2 2 2 2
1 3 1 1 1 3 1
1 1 3 2 2 2 1
1 1 1 1 1 1 1
2 2 1 3 3 2 3
3 3 3 2 1 2 1
3 3 3 3 3 3 3
1 1 3 1 3 3 3
3 2 3 2 3 1 3
2 2 3 2 1 1 1
2 3 1 3 2 3 2
2 2 2 2 2 2 2
1 1 1 3 3 3 3
2 1 2 1 1 1 2
3 2 1 1 2 2 2
3 3 3 3 3 3 3
2 2 2 2 2 2 2
3 3 2 2 3 3 2
2 2 2 2 2 2 2
2 2 2 2 2 2 2
2 2 3 2 2 2 2
3 1 2 2 2 2 2
1 3 1 2 2 1 2
3 2 2 2 3 3 2
1 1 1 1 1 1 1
2 2 2 2 2 2 2
3 1 3 1 1 3 3
1 1 1 1 1 1 1
2 3 3 1 3 3 3
2 2 2 1 1 1 1
2 2 1 3 2 3 2
3 3 3 3 3 3 3
1 2 2 2 1 2 1
1 2 2 1 2 2 2
2 1 2 3 1 3 1
1 1 3 3 3 3 3
3 3 3 3 3 3 3
2 1 2 2 3 2 3
2 2 2 2 2 2 2
1 2 3 2 3 2 1
3 3 3 3 3 3 3
1 1 2 2 3 3 3
3 3 2 2 3 2 2
2 3 1 3 2 2 2
8 89
3 3 2 3 2 1 3 1
3 3 3 3 3 3 3 3
3 1 2 2 2 3 3 1
1 1 1 1 1 1 1 1
3 3 2 1 2 2 3 2
2 2 2 2 2 2 2 2
1 3 3 3 2 3 2 3
1 1 1 1 1 1 1 1
1 1 3 2 3 1 1 1
2 3 2 3 3 3 3 3
3 3 1 3 2 3 2 2
2 1 3 1 2 3 2 1
1 1 1 1 1 1 1 1
2 2 3 3 2 2 3 3
2 1 2 2 2 2 2 2
1 1 3 1 1 2 1 1
1 1 3 1 3 3 1 1
2 2 2 2 2 2 2 2
1 1 1 1 1 1 1 1
3 2 3 3 2 2 2 2
2 2 2 2 2 2 2 2
1 1 3 1 3 1 1 3
3 3 3 2 2 1 1 1
2 2 2 2 2 2 2 2
3 3 3 3 1 1 1 1
2 3 3 3 1 1 1 2
2 2 2 2 2 2 2 2
1 3 3 1 3 1 2 3
3 3 3 3 3 3 3 3
1 1 1 1 1 1 1 1
3 2 2 3 2 3 3 3
3 2 3 3 2 2 2 3
1 1 1 1 1 1 1 1
2 2 2 1 2 1 2 1
3 1 2 2 2 3 2 3
2 2 2 2 2 2 2 2
2 2 2 1 1 1 1 1
1 2 3 3 3 3 3 1
3 3 3 3 2 3 3 3
1 1 1 1 1 1 1 1
3 3 3 3 3 3 3 3
3 1 3 3 3 1 1 3
3 3 3 3 3 3 3 3
1 1 1 1 1 1 1 1
2 3 2 2 3 2 2 3
2 3 3 1 1 1 1 1
3 2 3 3 2 3 1 1
2 3 2 3 2 2 2 2
2 1 1 2 2 1 2 1
3 1 1 1 1 3 3 3
1 3 2 3 2 2 2 1
3 1 3 3 1 3 3 3
2 2 2 1 1 1 1 1
3 3 3 3 3 3 3 3
2 1 3 2 3 1 1 1
2 2 2 2 2 2 2 2
1 1 1 1 1 1 1 1
3 1 2 1 1 3 1 3
1 1 1 1 1 1 1 1
3 1 3 3 3 1 1 3
2 1 2 1 1 1 1 1
3 3 3 3 3 3 3 3
3 3 3 3 3 3 3 3
1 3 1 2 1 2 2 1
2 2 2 2 2 2 2 2
1 2 1 2 1 3 1 1
3 2 3 2 3 3 2 1
1 1 2 3 2 1 3 2
2 2 2 2 2 2 2 2
3 2 2 2 3 3 3 2
2 3 2 3 3 3 3 2
2 2 2 2 2 2 2 2
2 3 2 1 1 3 3 3
1 3 1 2 1 2 2 1
2 2 1 1 2 1 1 1
3 3 2 2 3 2 2 2
2 2 1 2 1 3 2 2
1 2 1 1 2 2 3 1
2 2 2 2 2 2 2 2
2 1 1 1 1 1 1 1
2 2 1 1 2 2 2 2
3 3 1 3 3 3 3 3
1 2 2 2 1 2 2 3
3 1 3 3 3 3 3 3
2 2 1 1 1 1 3 1
2 3 2 3 2 3 2 2
3 2 2 2 2 3 3 3
2 3 2 2 3 2 3 3
2 2 2 3 3 3 2 2
2 58
3 2
2 2
3 3
3 3
3 3
1 2
3 3
2 2
3 3
1 1
3 3
3 2
3 3
2 2
2 2
3 3
3 1
1 1
2 1
2 2
2 2
2 2
1 1
3 2
1 1
3 3
3 3
3 3
3 3
2 3
1 3
2 2
1 3
2 1
1 1
3 3
2 2
1 1
3 3
2 2
3 3
2 1
1 1
1 1
3 3
3 3
2 1
1 1
3 3
3 3
3 3
2 2
2 2
2 1
2 1
1 1
3 1
2 2
2 61
3 2
3 3
1 1
3 3
1 2
2 2
2 3
3 1
1 1
3 3
3 3
3 3
1 3
1 1
1 1
2 2
3 3
3 3
3 3
1 1
1 1
1 1
3 3
2 3
2 1
3 2
3 3
2 2
3 2
3 3
1 2
3 3
1 1
1 1
1 1
2 2
3 3
1 1
2 2
3 3
3 3
3 3
3 1
2 2
3 3
2 2
3 3
3 3
2 2
3 1
3 3
3 2
1 3
2 2
1 1
2 2
1 1
1 1
2 1
1 1
3 3
5 45
3 3 3 3 3
2 2 2 2 2
2 3 3 3 3
3 2 1 2 3
3 3 2 3 3
1 1 1 1 1
2 1 1 1 1
2 2 2 2 2
1 3 2 2 3
1 1 1 1 1
3 3 3 3 3
2 2 2 2 2
2 1 1 3 2
3 1 3 3 1
2 2 3 3 2
2 2 2 2 2
1 2 2 2 2
1 1 1 2 3
1 2 2 2 1
2 1 2 3 1
3 3 3 3 1
3 3 3 3 3
2 2 1 2 2
1 1 1 1 1
3 2 3 3 1
1 1 1 1 1
1 1 1 1 1
1 1 1 1 1
2 2 2 2 2
2 2 3 1 2
1 3 3 2 3
2 3 1 1 3
3 3 3 3 3
1 2 1 3 1
2 3 3 1 2
2 2 2 2 2
2 1 3 3 3
2 2 2 3 2
2 2 2 2 2
1 1 1 1 1
3 3 3 3 3
3 3 3 3 3
2 1 1 1 2
2 2 2 2 2
3 3 1 1 3
8 39
2 2 1 2 2 1 1 1
3 3 3 1 3 3 3 1
1 1 1 1 1 1 1 1
3 3 3 2 2 2 3 1
3 1 1 1 2 2 2 1
1 1 2 1 2 1 2 1
1 1 1 1 1 1 1 1
2 1 1 2 2 1 1 1
1 1 1 1 1 1 1 1
2 1 1 2 1 1 1 1
3 3 3 2 3 3 3 2
2 2 3 3 3 3 1 3
2 2 2 2 2 2 2 2
2 2 3 1 3 1 2 1
2 1 2 2 2 1 2 2
2 1 3 3 1 3 3 1
3 3 3 3 3 3 3 3
2 3 2 2 2 2 2 3
1 3 1 3 2 2 3 3
3 2 2 3 3 3 3 2
1 1 2 2 1 3 2 3
3 2 1 2 1 1 2 1
2 3 1 3 1 3 1 1
2 2 1 1 3 3 3 1
2 2 2 2 2 2 2 2
2 2 2 2 2 2 2 2
3 3 3 3 3 3 3 3
2 1 2 1 3 1 3 1
2 2 2 3 3 2 2 2
3 3 1 3 3 1 3 3
2 2 2 3 2 2 3 3
1 3 1 1 1 2 1 1
1 2 2 2 1 2 2 1
3 3 3 3 3 3 3 3
2 1 2 2 2 1 2 2
2 2 2 2 2 2 2 2
1 1 1 2 2 2 2 3
3 1 1 1 3 3 1 3
2 2 1 2 1 2 3 3
4 21
1 1 1 1
3 3 3 3
2 1 2 1
1 2 3 3
1 1 1 1
2 1 3 1
3 3 3 3
2 2 1 2
1 1 1 1
3 1 1 3
3 2 1 1
2 2 2 2
2 2 2 2
3 3 1 2
2 3 1 3
1 1 1 1
3 2 2 1
1 2 1 3
1 1 1 1
1 2 2 2
2 2 2 1
5 32
1 3 1 2 1
1 1 1 1 1
1 1 3 2 1
1 1 2 2 1
1 3 1 3 1
1 1 1 2 3
1 1 1 1 3
3 3 3 3 3
2 1 2 1 2
3 3 3 3 3
2 2 2 2 2
2 1 2 1 3
3 3 3 3 3
2 2 2 2 2
2 2 2 2 2
3 2 3 3 3
1 1 1 1 1
2 2 2 2 2
1 3 1 1 1
2 2 2 2 2
2 2 2 2 2
2 3 2 2 1
1 1 1 1 1
2 2 2 2 2
1 3 3 2 1
3 1 2 3 2
3 3 3 3 3
3 1 1 3 1
1 1 3 2 1
2 3 2 2 3
1 1 1 1 1
1 1 1 1 1
7 5
2 2 2 2 2 2 3
3 1 1 3 1 1 1
2 2 2 2 2 2 2
2 2 2 2 2 2 2
2 2 3 2 3 3 2
3 83
3 2 1
3 3 3
3 1 2
2 2 1
1 1 1
1 3 2
2 3 1
1 2 3
1 1 1
1 3 3
2 3 1
3 3 2
3 3 3
3 3 1
2 2 2
1 1 1
3 3 3
2 2 2
2 2 2
1 3 2
3 3 3
3 3 1
3 2 3
3 3 3
1 2 1
3 3 3
2 3 1
1 1 1
3 2 2
1 2 3
3 1 2
1 1 1
3 1 3
2 1 3
3 2 1
3 1 2
3 3 3
2 2 2
2 2 2
1 3 2
2 1 3
3 2 3
3 1 2
3 3 3
2 2 2
2 3 1
1 1 1
3 1 3
2 3 1
1 2 3
1 1 1
1 1 1
2 2 2
2 3 1
3 3 3
1 1 1
1 1 1
3 3 3
3 1 2
2 2 3
3 3 3
3 1 2
3 3 3
1 1 1
1 1 2
3 1 3
1 1 1
1 1 1
3 1 2
1 1 3
3 1 2
3 3 3
3 3 3
2 2 2
1 3 2
1 1 2
2 1 3
3 3 3
2 1 1
2 2 2
2 2 1
1 2 3
1 3 2
2 93
1 1
1 1
1 1
1 1
2 1
2 3
2 2
1 1
3 3
1 1
1 1
3 3
3 3
2 2
2 3
3 3
1 1
3 2
2 2
1 1
3 3
1 1
3 3
1 1
2 2
2 2
2 2
2 1
3 3
3 3
2 2
3 2
2 2
3 1
2 2
3 2
2 2
1 3
3 3
2 2
2 2
3 3
1 2
1 1
2 2
2 2
2 2
1 1
2 2
3 3
2 2
1 1
1 2
3 3
2 2
2 1
1 1
1 1
1 1
1 3
3 3
3 3
2 2
2 2
1 1
3 1
1 1
2 2
3 3
2 2
3 3
1 1
2 1
3 3
2 1
3 3
1 1
3 3
3 3
3 3
1 1
1 2
1 1
2 2
2 2
3 2
1 3
2 2
2 2
2 2
3 3
2 2
1 1
6 22
3 2 1 1 1 3
2 1 2 2 1 2
2 1 3 3 3 1
3 3 3 3 3 3
2 1 3 3 1 1
1 1 1 1 1 1
1 1 1 1 1 1
3 2 3 3 3 3
2 3 1 2 3 2
1 1 1 1 1 1
3 1 3 3 2 1
2 2 1 2 1 2
3 1 3 3 1 3
3 3 3 3 3 3
1 1 1 1 1 1
1 3 1 1 2 1
3 3 3 1 1 3
2 2 2 2 1 1
3 3 3 1 1 3
3 2 2 3 3 2
2 3 1 3 1 3
2 2 2 2 2 2
2 56
2 2
3 1
3 3
2 2
2 2
2 3
3 3
2 2
1 3
2 1
1 3
1 1
2 2
2 1
1 1
1 1
1 1
1 1
1 1
1 1
1 1
1 1
1 1
3 3
1 1
1 1
2 2
1 3
3 3
1 3
3 3
1 1
1 1
2 2
1 2
3 2
3 1
1 1
1 1
1 1
2 2
1 2
1 3
1 2
1 1
2 2
2 2
1 1
3 3
2 2
1 1
1 1
2 1
3 3
3 1
2 2
2 77
1 1
1 1
2 2
3 3
3 1
1 1
2 2
3 3
1 1
2 2
3 3
2 2
1 1
1 2
2 2
1 1
2 2
2 2
1 2
2 2
3 1
1 1
3 3
2 2
2 2
2 2
1 3
1 1
3 2
3 3
2 2
3 3
2 2
2 2
2 2
3 2
3 3
3 3
3 3
3 1
3 3
3 3
3 3
3 3
1 1
1 1
3 3
2 2
3 3
1 1
3 2
3 3
3 3
3 3
3 3
3 3
3 2
2 2
3 3
1 3
2 2
1 1
3 3
2 1
1 1
2 2
3 3
2 2
2 2
1 3
1 1
1 1
3 2
3 3
1 1
2 2
1 1
9 14
1 3 1 1 3 1 1 1 1
2 2 2 3 3 3 3 3 3
2 3 2 2 1 1 1 3 1
3 3 1 3 2 2 2 1 1
2 2 2 2 2 2 2 2 2
3 3 1 1 1 3 3 1 1
3 3 3 3 3 3 3 3 3
1 1 1 1 1 1 2 1 1
2 2 1 1 1 3 1 1 3
2 1 1 1 2 1 2 1 1
3 3 3 3 3 3 3 3 3
2 3 3 1 3 1 3 2 2
1 3 2 2 3 2 3 1 3
2 1 1 2 2 3 2 3 2
4 17
1 1 1 1
1 1 1 2
1 1 1 1
1 1 2 3
3 3 3 3
3 1 2 2
1 1 1 1
1 2 2 1
3 2 2 3
3 3 2 2
2 3 2 1
2 2 2 2
2 2 2 2
2 2 3 3
3 2 1 3
3 3 3 3
1 1 1 2
4 47
2 2 2 2
1 1 1 1
3 2 2 1
1 1 2 2
2 2 2 2
2 2 2 2
2 1 1 1
3 1 3 2
2 1 3 2
1 1 1 1
2 2 2 2
3 1 3 1
1 3 3 1
2 1 3 3
2 1 1 3
2 2 1 3
3 1 1 1
3 3 3 3
3 2 1 1
2 1 3 2
3 3 2 3
1 2 2 3
1 1 3 3
1 1 1 1
1 2 3 3
2 1 3 3
2 2 2 1
3 3 3 3
2 2 2 2
3 3 3 3
1 1 1 2
3 1 1 3
1 1 1 3
1 1 1 1
2 2 1 2
2 2 2 2
2 2 2 2
1 1 2 3
2 2 3 1
3 3 3 1
3 3 1 2
2 2 2 2
2 2 2 1
2 2 2 2
2 3 3 1
1 3 2 1
1 3 2 2
10 47
2 1 2 3 1 2 3 1 1 1
1 1 2 1 3 3 2 2 1 2
2 1 2 1 2 1 2 2 2 2
3 3 2 2 2 1 2 2 3 1
3 3 3 3 3 3 3 3 3 3
2 3 2 3 3 3 2 2 3 2
3 3 2 3 2 3 2 2 3 3
3 3 3 3 3 3 3 3 3 3
3 3 3 3 3 3 3 3 3 3
3 1 3 3 3 3 1 1 3 1
2 2 2 2 2 2 2 2 2 2
1 1 3 2 3 3 1 3 3 2
2 1 1 1 3 3 3 2 3 3
2 2 2 2 2 2 2 2 2 2
1 1 1 1 1 1 1 1 1 1
3 1 1 2 3 2 3 2 3 3
1 3 2 2 2 1 2 1 3 1
1 1 1 1 1 1 1 1 1 1
1 1 1 1 1 1 1 1 1 1
2 2 2 2 2 2 2 2 2 2
1 1 1 1 1 1 1 1 1 1
1 1 2 2 3 1 3 2 3 2
3 3 3 3 3 3 3 3 3 3
1 1 1 1 1 1 1 1 1 1
1 2 2 1 3 1 2 1 2 3
2 2 2 2 2 2 2 2 2 2
1 1 1 2 2 2 2 1 2 1
2 2 3 2 3 2 2 3 1 2
1 2 1 1 2 1 1 2 2 1
3 2 3 2 2 2 2 3 3 2
3 1 1 1 1 3 1 1 3 3
2 2 1 3 3 3 3 1 3 3
3 3 3 3 3 3 3 3 3 3
2 2 3 3 2 3 3 2 2 2
2 1 2 3 1 2 1 2 1 1
3 1 1 3 1 3 3 3 1 1
2 2 2 2 2 2 2 2 2 2
1 3 2 3 1 1 3 2 1 2
3 1 3 1 1 2 2 1 2 1
3 3 1 2 1 3 2 2 2 2
3 3 2 2 3 2 2 2 2 3
3 1 2 2 3 1 1 2 3 2
1 2 2 1 1 1 2 1 1 1
2 1 2 1 1 2 2 2 1 2
1 2 2 1 1 2 1 3 1 3
3 2 1 3 2 1 1 1 2 3
1 3 1 1 3 1 3 1 1 1
8 3
3 3 3 3 1 1 2 2
2 1 1 1 2 1 3 1
1 1 1 1 1 1 1 1
10 99
1 1 2 1 1 3 3 1 1 1
3 3 3 3 2 2 2 2 2 3
1 1 1 1 1 1 1 1 1 1
1 3 3 1 1 1 3 1 1 1
3 3 3 3 3 3 3 3 3 3
3 2 2 3 3 3 2 2 3 2
3 3 3 3 3 3 3 3 3 3
3 3 3 3 3 3 3 3 3 3
1 2 1 1 1 1 1 2 2 1
3 3 2 3 2 1 2 1 2 2
2 1 1 1 1 1 2 3 2 1
2 2 2 2 2 2 2 2 2 2
1 3 3 2 3 1 1 2 2 2
3 3 3 3 3 3 3 3 3 3
2 2 2 2 2 2 2 2 2 2
1 1 1 3 2 3 1 2 1 2
1 2 3 1 2 2 3 1 2 1
1 1 1 1 1 1 1 1 1 1
2 1 2 1 1 2 2 2 1 2
3 3 1 1 3 3 1 3 3 1
2 1 2 3 3 1 2 1 2 3
1 3 2 2 3 1 2 2 2 1
3 3 3 3 3 3 3 3 3 3
1 1 1 2 1 1 2 1 2 2
2 1 1 2 2 1 2 1 2 2
3 2 2 2 3 3 2 3 2 2
2 2 2 2 2 2 2 2 2 2
2 3 2 2 1 1 3 2 1 2
2 2 2 2 2 2 2 2 2 2
3 3 2 1 2 1 3 3 3 1
1 1 1 3 3 3 1 3 1 3
1 1 2 2 1 1 1 2 1 2
3 3 1 3 2 1 2 3 2 1
2 2 2 2 2 2 2 2 2 2
2 3 3 2 3 2 2 3 3 3
3 3 3 3 3 3 3 3 3 3
3 3 3 3 3 3 3 3 3 3
3 1 3 1 3 1 1 3 1 1
1 1 1 1 1 1 1 1 1 1
2 1 1 2 3 1 1 1 1 3
2 1 1 2 1 2 1 1 1 1
3 3 3 1 1 1 1 1 1 1
3 2 2 2 3 2 3 1 3 3
2 3 2 3 3 3 3 3 2 2
2 3 2 3 2 1 1 2 3 1
3 2 3 2 2 2 2 3 2 3
2 2 2 2 2 2 2 2 2 2
1 1 1 3 1 3 3 2 1 2
3 3 3 3 3 3 3 3 3 3
3 3 3 3 3 3 3 3 3 3
1 1 3 1 2 3 3 3 3 3
2 3 3 3 1 3 1 3 3 1
3 2 2 2 2 3 2 2 2 2
3 3 3 2 3 3 2 2 2 2
3 3 3 3 3 3 3 3 3 3
3 2 3 3 3 2 2 2 3 3
1 1 1 1 1 1 1 1 1 1
1 1 1 1 1 1 1 1 1 1
3 3 2 2 3 3 2 3 2 3
3 2 2 2 3 2 2 1 2 3
2 1 1 2 3 3 2 2 1 3
1 2 1 3 3 3 2 1 2 1
1 1 1 1 1 1 1 1 1 1
3 2 2 2 3 3 3 1 1 2
2 3 1 2 3 2 3 1 1 1
3 2 2 3 2 1 1 2 2 2
3 3 2 3 3 2 2 2 3 3
2 1 2 2 1 1 1 2 2 1
1 1 1 2 3 1 1 2 3 3
1 2 1 1 3 1 3 1 1 3
2 3 2 3 2 2 2 3 3 3
2 2 2 2 2 2 2 2 2 2
3 2 2 2 2 2 3 3 3 2
3 3 3 3 3 3 3 3 3 3
1 1 3 1 1 3 3 1 1 1
3 3 3 3 3 3 3 3 3 3
3 3 2 2 2 2 2 2 2 2
3 3 1 1 1 2 1 2 3 1
3 3 3 3 3 3 3 3 3 3
2 3 2 2 2 3 2 2 3 3
1 3 2 2 1 2 2 3 3 1
1 1 1 1 1 1 1 1 1 1
2 2 1 1 2 3 1 1 2 3
1 2 2 3 2 2 3 3 3 1
1 1 1 1 1 1 1 1 1 1
1 1 3 1 1 1 3 2 3 3
2 3 2 3 3 3 2 2 3 3
3 2 2 3 3 3 3 2 2 3
2 2 1 1 3 3 2 2 1 3
3 3 3 3 3 3 3 3 3 3
1 1 1 1 2 3 2 2 3 3
2 2 2 2 2 2 2 2 2 2
1 3 2 2 3 2 2 2 3 2
1 1 1 1 1 1 1 1 1 1
1 1 2 1 3 3 3 1 1 2
2 2 2 2 2 2 2 2 2 2
1 3 1 3 3 3 3 3 1 1
3 3 3 3 3 3 3 3 3 3
1 3 3 3 2 1 1 1 1 3
2 95
2 2
3 3
1 2
1 1
1 1
3 3
2 2
3 3
2 2
2 2
2 2
2 2
1 1
3 2
1 3
3 3
3 2
1 2
2 2
3 3
2 2
1 1
3 1
1 1
1 1
3 3
2 2
3 1
2 1
2 3
1 1
2 1
1 2
2 2
3 3
1 2
3 3
3 3
3 3
2 2
2 2
3 1
1 1
1 1
2 3
3 2
1 1
2 2
3 3
1 1
1 1
2 2
3 3
2 2
1 1
2 2
1 1
1 2
3 2
3 3
2 1
3 3
1 3
1 1
1 1
3 3
3 3
3 3
2 3
3 3
2 1
2 3
1 1
1 1
3 2
3 2
3 3
2 2
1 1
3 3
3 3
3 2
3 2
2 1
1 1
1 1
1 1
3 3
1 1
2 2
3 3
2 2
1 1
1 1
2 2
6 87
3 3 3 3 3 3
2 2 2 2 2 2
3 1 2 2 2 3
1 2 3 1 2 2
1 1 1 1 1 1
1 1 3 1 3 3
2 2 2 2 2 2
3 3 1 1 2 1
1 3 3 1 2 3
3 3 3 3 3 3
3 2 3 3 3 2
2 3 3 3 3 2
3 3 3 3 3 3
2 1 2 1 1 2
1 1 1 1 1 1
1 1 1 2 1 2
2 3 2 2 1 3
2 3 2 3 3 1
3 3 3 1 3 1
1 1 1 1 1 1
2 1 1 2 1 1
1 3 1 2 3 1
3 3 3 1 1 1
3 3 3 3 3 3
1 1 1 1 1 1
1 1 1 1 1 1
1 1 1 1 1 1
1 3 1 1 2 3
1 1 1 1 1 1
3 3 3 3 2 1
3 2 3 2 3 3
2 1 2 1 2 2
2 2 2 2 2 1
3 3 3 3 3 3
1 2 2 3 1 2
3 3 3 1 2 2
1 1 1 1 1 1
1 2 1 3 1 2
1 2 3 1 2 1
2 1 1 3 1 2
2 2 2 3 1 1
2 2 2 3 2 3
1 3 3 1 2 1
1 1 3 3 3 3
2 2 2 2 2 2
3 3 3 1 1 3
2 2 2 3 3 1
1 2 3 2 2 1
2 3 2 1 3 1
2 1 2 1 1 3
2 3 1 2 3 2
3 1 1 1 1 1
1 1 2 2 2 2
3 2 3 1 3 1
1 1 1 1 1 1
3 3 3 3 3 3
2 3 3 3 3 3
1 2 1 3 3 2
1 2 3 1 3 1
2 2 2 1 2 3
1 2 1 3 2 1
2 2 2 2 2 2
1 3 1 1 3 1
1 1 1 2 1 2
2 2 2 2 2 2
2 2 3 3 1 1
3 3 2 3 1 3
3 3 2 3 2 1
3 3 3 3 3 3
3 3 3 3 3 3
2 1 2 1 2 1
2 3 3 3 1 1
2 2 2 2 2 2
2 2 2 2 2 2
1 1 1 1 1 1
3 3 3 2 1 1
2 2 2 2 2 2
3 1 1 3 1 3
3 3 3 3 3 3
3 2 2 1 2 2
2 3 2 3 1 3
2 3 2 2 2 3
1 2 1 1 3 2
3 3 1 3 3 1
2 2 1 1 3 3
1 3 3 2 1 3
3 3 3 3 3 3
9 10
3 3 3 3 3 3 3 3 3
1 1 1 1 1 1 1 1 1
1 2 2 2 3 3 1 2 3
1 1 2 2 1 1 2 1 1
1 1 2 1 1 2 1 1 2
1 2 1 2 1 1 3 3 3
3 3 3 3 2 2 2 3 3
2 2 2 2 2 2 2 2 2
1 1 3 3 1 1 1 3 1
1 1 2 1 2 1 2 1 1
4 6
3 2 3 1
1 3 2 1
3 2 1 3
1 3 3 2
3 1 3 1
3 2 1 2
10 60
3 3 3 3 3 3 3 3 3 3
1 1 1 3 1 3 3 1 3 1
1 2 2 2 2 2 2 2 2 2
1 1 1 1 1 1 1 1 1 1
1 1 1 1 1 1 1 1 1 1
1 2 1 2 2 1 2 2 2 3
3 3 2 2 2 2 1 3 1 3
3 2 2 1 3 3 1 1 1 3
2 1 2 1 2 2 2 1 2 1
3 2 3 3 1 2 2 3 1 3
1 1 1 1 1 1 1 1 1 1
3 2 1 3 2 3 2 1 3 3
2 2 2 1 1 1 2 1 2 2
1 1 1 1 1 1 1 1 1 1
3 3 2 2 3 3 2 2 2 1
1 3 1 3 1 3 3 1 3 1
3 3 2 1 3 1 1 1 3 3
3 3 1 3 1 2 1 1 1 2
3 3 2 2 1 2 3 1 3 1
3 1 3 2 3 2 2 1 2 1
3 3 2 3 2 3 2 3 2 3
1 3 3 3 3 1 1 3 3 3
1 1 3 1 3 3 2 1 1 2
2 2 2 2 2 2 2 2 2 2
3 3 1 1 1 1 3 1 1 3
2 3 3 2 1 2 2 3 3 2
1 1 1 1 1 1 1 1 1 1
3 3 2 3 1 1 2 2 2 2
2 3 2 3 3 2 3 2 3 3
2 2 2 3 3 2 2 2 3 2
2 2 2 1 2 2 1 2 2 1
2 1 1 2 1 1 1 1 2 2
1 1 1 1 1 1 1 1 1 1
2 2 2 2 2 2 2 2 2 2
2 3 2 3 3 3 2 3 2 2
2 3 2 3 2 2 2 2 2 2
1 2 2 2 1 1 2 2 1 1
1 3 1 1 1 1 1 1 1 3
1 2 2 1 2 2 1 1 1 1
1 1 1 1 1 1 1 1 1 1
2 2 3 1 3 2 3 2 1 3
3 2 2 2 2 3 3 3 3 3
3 3 3 3 3 3 3 3 3 3
3 3 3 2 3 2 3 3 3 3
1 1 1 1 1 1 1 1 1 1
2 3 3 3 2 3 3 3 3 2
3 2 2 3 1 3 3 1 2 1
2 3 2 3 3 2 1 3 3 3
1 1 1 1 3 3 3 1 2 1
3 2 2 1 2 2 3 3 2 1
1 3 3 3 2 1 2 2 2 2
3 2 3 2 3 3 3 3 1 2
1 2 3 3 1 3 3 2 2 1
3 2 2 1 2 3 2 2 3 1
2 2 2 2 2 2 2 2 2 2
1 1 1 1 1 1 1 1 1 1
3 1 3 3 2 3 1 1 1 2
2 2 2 2 2 2 2 2 2 2
1 1 1 1 1 1 1 1 1 1
1 2 1 2 2 2 2 2 1 2
10 47
3 3 1 3 1 1 1 1 3 1
1 2 3 2 1 2 2 3 3 2
3 3 2 3 2 2 2 3 2 2
1 3 3 2 2 1 2 3 3 2
2 2 2 2 2 2 2 2 2 2
3 3 1 2 3 2 1 2 2 1
1 3 1 1 2 3 3 2 3 2
2 2 3 2 3 3 2 3 2 3
3 3 3 3 1 1 1 3 1 1
1 1 1 1 1 1 1 1 1 1
1 1 1 1 1 1 1 1 1 1
3 3 3 3 3 3 3 3 3 3
2 2 3 3 3 2 2 2 3 3
2 2 2 2 2 2 2 2 2 2
3 3 2 2 3 2 2 2 3 3
1 1 1 3 1 2 3 1 2 1
2 1 1 3 3 2 3 1 2 1
3 3 3 3 3 3 3 3 3 3
1 1 2 2 1 2 1 1 2 1
2 1 3 1 2 3 3 3 3 1
3 1 1 1 3 1 3 1 3 1
2 2 2 2 3 3 1 1 2 3
3 3 3 3 3 3 3 3 3 3
3 1 1 1 2 2 2 2 2 2
3 2 2 2 2 3 3 3 2 3
2 2 2 1 3 2 2 3 2 2
2 1 3 2 2 3 2 2 3 3
3 2 3 2 2 2 2 2 2 2
2 2 2 2 2 2 2 2 2 2
1 1 1 1 1 1 1 1 1 1
3 3 1 3 1 3 1 1 3 3
1 1 1 1 1 1 1 1 1 1
3 3 2 2 3 2 3 3 3 3
1 1 1 1 1 1 1 1 1 1
1 1 1 1 1 1 1 1 1 1
2 1 1 1 2 2 1 2 1 1
3 2 3 2 3 3 2 2 2 2
2 2 1 1 1 2 1 2 3 3
3 1 3 1 1 2 2 1 1 3
1 1 2 1 2 2 1 2 1 2
3 3 2 2 2 1 3 3 3 1
3 1 2 3 1 1 2 1 3 2
1 1 1 1 1 1 1 1 1 1
3 3 2 2 2 2 2 2 3 3
1 1 1 1 1 1 1 1 1 1
2 2 2 2 2 2 2 2 2 2
1 1 2 2 3 2 3 2 1 2
6 67
3 2 2 3 2 1
2 2 1 3 3 1
2 3 2 2 2 1
2 3 1 3 1 1
3 1 1 3 3 1
2 2 2 2 2 2
3 3 3 1 1 1
2 2 2 2 2 2
3 3 3 2 3 2
1 1 1 1 1 1
3 3 1 1 3 3
1 3 3 1 1 3
3 3 3 3 3 3
2 2 2 1 2 2
2 1 2 1 1 3
1 3 2 3 3 3
3 3 1 3 3 1
1 1 1 2 1 3
3 3 3 3 3 3
2 3 3 1 3 1
1 2 3 2 3 2
1 1 1 1 2 2
1 1 1 1 1 2
1 3 3 2 3 2
2 1 2 2 1 3
3 3 3 3 3 3
3 1 1 1 3 3
1 3 3 2 3 1
2 2 2 2 2 2
1 2 1 2 2 1
2 3 1 3 1 2
1 1 1 1 1 1
1 2 1 3 3 2
2 2 3 2 1 1
3 3 3 3 3 3
3 2 2 1 1 3
2 3 3 1 3 2
3 3 3 2 2 3
1 3 2 2 1 1
1 1 1 1 1 1
1 1 1 1 1 1
2 1 2 2 2 1
1 1 1 1 1 1
3 3 3 3 3 3
2 2 3 1 3 2
1 3 2 2 3 1
2 2 3 1 2 3
2 2 2 2 2 2
2 2 3 3 3 2
2 1 1 3 3 1
3 3 3 3 3 3
2 1 2 1 2 3
3 1 1 2 1 1
3 3 3 3 3 3
2 2 2 2 2 2
2 2 2 2 1 1
1 3 3 3 1 2
3 1 3 3 3 3
1 1 2 2 1 3
3 1 2 2 3 3
2 2 2 3 3 1
1 1 1 3 1 3
3 3 1 3 1 3
1 2 3 3 3 2
2 2 1 2 2 1
2 2 2 3 3 1
2 2 2 2 2 2
