50
34
969365
9247
3677364
8659
18346
9727672
532569415
38961
51743
9862
47334
127
8926
7583
941123
4262874
92593
538941
6582
81592
7339331
2168
1854
22243
2436
88371558
651274
65625
4851729
18495
77999
1791
2384
4896
28
3596
3612
58752
98762
143
42976
7925739
793
6532
43884
72685
5834
9453
675843
98743
56247
2135
278611963
259813895
9464
7213
98165
59839
7674
2384
486562493
3624
682281
6
3426
269234
842
6941
61975
4216
42
24365
394
83297651
9245
2148
95554844
16295
5963
265493
5217
17888
6781
998
77446
898643963
52578547
3551869
6327
8329
258551113
45783
158462
616298
91258
48516
449
5912
1689
1857364
743898245
13599
1853
2967
4871
7646377
6598
3921116
6548
133698
7518814
69235
9845
37
2538741
67759948
5183
8741
75459798
2487136
8124
9877589
58634
323475
8944
96725
86341552
34169
235696159
849
358149
6185
3371969
76241
24156
38721
7266
59867
5987
629716
27631
3224
6158
324
7561
874337
967832
26538
18597
8356412
991
48
679946574
1366431
9621
393
34689885
513259
5145687
742815145
85471
23918
9278
15141629
37717173
3851
6342
29852255
59418
4982393
773266
58341
12834
9678
498562
757545
2786
1459
46215
947787
459
892154
539
4925
375218
55194
4425222
61527
1672
711
65187
743
18524
16954
52763
49578
2475
8162
4176
959237
39
537
941623
514987
425
681638
632624
7849
4752
6835
8534
3298
36253583
77418
76832
4253768
21596
72968
58194198
81789359
4589
5963
14295
14389
1212647
4963278
81396315
8625
2346199
2673
2416
5547136
9748364
5274
9299
1897
57812
45763
762945
1938265
35
965243
96136121
2614
3358583
312116983
78516
54225212
574619
4231
7412
162548
5843
58232756
5522
594863
816689435
2789
571
7516
9263
7519992
1698
7251694
41576
15162
812859898
86729
121
78559
4329
5335148
97622
4388844
6923
4896
3
62384
1523
1844636
22
8743
7856
1847
5421
37428953
8521
85634
476242291
49672
6249
8147
9268
275549
8573
924899
2769
225596
59436
4199
66995
871
736337
44
914261882
7615
854629
1489
65348
893412
5361
1528
3694
16578
349242
4569
21684636
523247
7519
764211
5941
1543
1294
72977
15278
8437196
139
162945
3848567
8794
6416
34856
53248
58914
7179841
4872
6385
95478
4786
7518463
8429
8665188
7114199
7634
15372
9423
58783782
618
23
6859
61839
189377582
85548
5184
342578
47688
8713247
3845
656
8921
3245
222
67549
415689
7891
3695
4259
1592
5748
71877963
68597
8524
28
63679
647236269
8624
1483969
72153
976
1475
71657881
3794
41876
9857
7633924
5947
62471679
9632
687
8627
9615
483286
811653459
574982
95216
87234
73725
2981
75155863
8416
924466
42
459
7259
96446119
5384
127
23649999
8398
2326869
18762
8931175
32765
5824
275
56733
8345762
15837
196
88922
8527
4283596
5164
446539116
8325
49573
267498
135641
797616
6954
6381
7623
4723
34769636
25693847
865796
789561
95746
98527
22756
12745
596284
54753382
929479
16
9854
8594
7942
5196874
571
67324125
17841652
683412
45127
232855
3849
1529
264
9475
8952
1211877
26
483276
587721259
3916
27859
1592
7291
3685
991
57644939
6981
5525
6836
4519
69986
5175271
58494
722
75982
7523
2583
45691165
21796496
368725
523
119473
741595323
43
7738453
1868113
1458
63812695
8162
2549
2584
7849
796
74586
99777754
1776188
471678
67672431
32594
1295
5348
17332842
21659
9583
857492189
6521
95612
5312
7249
877934
3685
96534
27846
179131735
8896
12684
193536457
759238
69543
3859
6377623
9926
924
5889972
3578
6671
874111594
43
739395
9452
984
84512
1359271
2471
643555
6152
14523
3897
77678516
56748
963547
4567
47588
338
64457414
122649491
87432
126573
5237
2861
999
6528
54612
2875925
228
651415
14389
126497347
353
1423
2765
497421
88757
5346
2936389
2145
41789
9534
62938
9261538
2167
14
6784
167593
2248155
4127
653819
757799
6853
359478
652149
6872
19188669
78163
57284
89456
40
5843
293524399
5422
49122529
75146
35725412
883
469251
5417628
5218
5146
7495
5162
5135
7516
59914962
7664
6524
634175
5225587
498
9587
1113611
54521632
734
9649
2968
9854
8356
7296
6668413
2153
483589235
7269
4852
42385
569726
575992344
2361
499232442
18
174
862351
18255244
58421
34152
84795
412
383666193
32842144
652244245
6123
4752
5946
9869128
94349747
35961
8576
912119455
44
8156
8697
3228142
3585112
915
67423
471149
2349
3528
7546
2367
4581
596741
4973
3578
8974
264
192
614523
5864
4125867
14826125
9853
8976
2475
9267
7927
2167
34712
7518
6148
9973442
6238
362957
51423
74796
61267
1629
589647
3681
4186
6429747
54891
5486
49
4173
98361
8972
8156
67264
25135
1639
3459
69476452
45768
774951
669921
2732
1872
94358
1695
58764
6429
528253
33627
812391172
459154
6246
177
5275
52984
57648
9652
38433
2467
177958
4331
811
265172
7958
7659
63459182
781539
21357
238272
9416
445784
46999822
8412
5912
526311761
9458
6398
3275
16
952833611
815462
3418
5547996
419575
6275
7754451
94275
513919
5786
4498267
43875
458756
44413
124983
145723
14
253
2685
2561
443485
457532
24727948
413741
2516
37931751
3478
8452
313
85727
9432
28
51561242
494432
73899
5623
83646
61295
7845329
247591
7429
73653535
38426
355
4455
535
9875
911595959
12641
5927
84587313
21176
61821
4572
4875
3784
98435
3675
75983
352947
36
69427
99143512
65432
1591
1621
2698
65213
5192
2365
6572
3427
42167
59278
81697
4596
2595
712571
6452
14764
999429
328576112
94576
1574
2167
6392
51489
647
511478668
24269471
1369
4862158
5743
218171
2981
5678
88216189
10
7432
4235
3849
74255139
91979
69472
2435
1583
6898
2715462
12
679
1859
97631181
926
62158
7546
77432
48459
145677515
5376
46178544
38796
31
4172
8725
7918121
4762
512167
4185
6528
331257143
69532
9874
253
664
3564987
41543279
923
267987581
489762
9145999
7675594
1574
4186
1657
3685
4965
1274663
5624
91149824
792
7892
519848735
2745
13
4583
6784724
43576
799
82362
2824522
965561
982424
8672
2986
335995921
7614685
5124
5
744266563
183113
376586
87965
6518
14
34897
851335
6585692
45756892
7296
65819
681332259
4967
277
4327
323621785
837
6149
94862
24
15672
33788169
43658
8795
87429
954253
8162
116
8562
2583
55751
5689
8725
41537
56821
915481842
5568
4251
1236
52483
918
5873419
42748662
124956
33
3658
9538
8476
295473
83427
8745
8313
65843
1529
46364
5788
487612
3472
218
186582
4138631
59273
8694
33313912
83429
9487
4623
63275
84372465
157791
6258
7856
62552
25585
2941
8349
3486
1486
46
151912
8324
4762
3625
654817266
92584
7415
66544
1973599
3489752
4765
279429
4594277
9875
2563
1559814
582637
4734834
915
8133
86245
9438
3223999
81858211
5261
9251
41269
52136
4153
57465453
23189
467918
6983
139
2763
5582
43672
29689
232
4536915
14962
6587
1249
9632
7623
715421
13
5151
145
69427
9458
9267
3937483
8156
7731934
7843415
4126
6999593
187615533
6251
26
5346
3426
5238
7358442
5641
92985
4726
926465122
15327
778461622
4181
9257
857491
35987
5243
1537
8794
8215
6278
88892
243576
25656483
766768326
32234
377217293
943276
16
89471
2447252
45721
896474
25468
3265
864
683475
3587
2749447
53427
27813
481427
87529
2519
9612
12
257361
2847
478477
633365
854752
74812
463367
8675
8177
35417
74828
694258
26
62365
16845
96686751
9563
688641
852267187
131398812
9256
224146813
5729631
6598342
25689
1263
54198
51692
4751
983
3879
484
7473
912
889
6815
163121616
84447
897614
14
912943
78651
3676
272195731
775
6398
7518
5122326
74914
96446
62595471
576394
2541896
7632
12
583
28571577
5327
583274
4772
368973594
6348
81476325
4923
616221863
725966
5673924
47
84716941
758
9631731
533927229
281772127
765793
4732116
298979983
6853
5984
865274
47747
51869
69247
2167874
8753
8795
9457
527784
9541
39287985
3546198
98327
383
236
53872
3879
78945
7485
3973336
513965813
859929319
12249
6981
2238643
2983475
4387
3287653
48327
4238
49681
754862
2165
1657
2765154
53461
6812
21
32678
9863
898395816
4512
1684
3218
3925534
417558836
631871827
5177751
4249593
3684
1263594
628682571
5249
5274726
217926
4815
7821
234676
38692
8
274226461
1854878
5321
36151
15948658
2589
694231
752461
22
56324
526
2496
859223
87659
93195
77586257
822241
7837665
5324
76194
45222724
15843
3874
2136
439537846
5183
997973574
665
7529
2543
6981
22
392
72683
12627953
4229216
8327569
455
5113
5347
5376
2316759
21567398
179268
491249
29458
78452
927
171
392395
4298
8957
463463
517
5
6863988
14237824
2563
285384
832
4
546539
5246
146762
96754
